Wordle Number: 286
21000
20222
20222
22222

00010
20222
20222
20222
22222

01012
20222
20222
20222
20222
22222

21000
22202
22222

00000
20222
20222
22222

00010
11001
20222
20222
22222

00210
00000
20210
20222
22222

00222
20222
22222

00222
20222
22222

00212
22202
22222

21000
20210
22222

Wordle Number: 287
01100
01101
20010
21221
22222

00201
12010
22222

12021
01120
22222

02101
21010
22022
22222

00101
22200
22201
22222

02100
22010
22202
22222

11012
01212
22202
22202
22222

11001
20011
20210
22202
22202
22222

10011
21111
22222

02012
22002
22202
22202
22222

22002
22002
22022
22222

01002
00102
12202
02222
22222

10102
01000
20010
22022
22222

00201
01212
22202
22202
22222

Wordle Number: 288
01012
11012
22222

00000
01001
22100
22222

00000
00110
12010
22222

01020
00122
02022
22222

11000
12010
22222

00011
12021
22222

00000
00001
20100
22100
22022
22222

00001
10020
12021
22222

00002
00022
00122
22022
22222

00000
00120
10020
12020
22222

01100
00022
00022
00022
00122
22222

12100
02222
02222
22222

00011
22010
22022
22222

Wordle Number: 289
00011
22100
22002
22222

00210
22200
22200
22200
22222

00000
11000
02210
22222

01010
21200
20210
22222

20200
22200
22200
22220
22222

10000
01010
20202
20202
22222

10000
02210
22222

20210
21200
22202
22202
22222

20010
22200
22222

00010
10200
22200
22202
22222

00010
01201
22202
22222

20200
20202
22222

20200
22202
22222

Wordle Number: 290
00010
20000
20200
22222

01100
00011
22222

00101
12001
02110
22200
22222

01100
02200
02201
22200
22222

10001
01100
02110
02011
22200
22222

12010
22222

01100
12101
22222

01110
00222
00222
22222

Wordle Number: 291
00020
00120
10120
20022
22222

00100
20101
22222

02100
02110
22222

02100
02010
02022
22222

01000
10100
22100
22002
22222

00100
01000
10110
22222

00100
21201
22220
22222

10001
22200
22200
22222

00000
02100
22200
22222

01010
20100
21001
22222

00010
01100
02000
22222

10100
02120
22222

00100
01010
02210
22222

01000
20101
22210
22222

10100
20100
22222

Wordle Number: 292
00100
20120
22222

00110
20101
22222

10100
12100
02220
22222

10100
01200
00220
00222
22222

12100
02220
02220
22222

12100
02220
22222

00222
02222
22222

00110
11002
00112
22222

00110
02202
22222

00100
12020
22202
22222

12100
02110
02220
22222

01010
02200
02202
22222

00000
01120
12120
22222

01000
10100
20111
22220
22222

01000
00112
01202
22222

Wordle Number: 293
00110
11002
02222
22222

20002
20002
00100
01112
22222

01110
11210
22222

11210
20222
00002
22222

00001
20222
22222

01221
20222
20222
20222
20222
22222

20222
22222

10210
20222
22222

10210
20220
20222
20222
22222

20012
20210
22202
22222

10000
20222
22222

20222
22222

20202
20202
20212
22222

20222
22222

Wordle Number: 294
20222
10001
22222

22210
22222

10020
20001
22220
22222

10001
22210
22222

22210
22222

10211
22210
22222

10211
22210
22222

10020
01120
20220
22222

22210
22222

11220
22222

01111
22110
22222

22210
22200
22222

10200
11201
22210
22222

22210
22222

Wordle Number: 295
22210
22222

00200
02220
22222

00200
10212
22222

00200
00200
10212
22222

00200
02202
22222

01000
11000
22222

11000
22222

11000
20012
22222

10000
00222
22222

10212
02222
22222

10110
02222
22222

00200
02200
22200
22222

00010
11010
02222
22222

11000
21110
22222

10000
00000
22202
22222

Wordle Number: 296
00200
02200
22222

20100
20020
22222

01010
20102
20102
22222

20100
21200
22222

00110
20020
20022
22222

20100
20020
20020
22222

11000
02221
22222

01010
20102
22222

00111
11010
20120
22222

00210
21010
22222

00101
00000
21000
20100
22222

10010
01210
22222

20100
11000
22222

20100
01211
22222

Wordle Number: 297
20100
11100
21101
22222

20100
22020
22222

01020
00120
00121
22222

21000
20022
22222

01020
02000
02121
02122
22222

11000
01100
22001
22222

10100
11100
22222

10100
02101
22222

22100
22222

00110
02122
22222

00110
21000
22222

00110
21010
22222

02000
12101
22101
22222

02010
02122
22222

00110
11100
01112
22222

Wordle Number: 298
10100
22000
22100
22222

01000
02200
22201
22222

00000
22000
22222

00000
22000
22222

00000
00200
22202
22222

01000
00212
22222

22000
01110
22222

00010
22200
22222

00002
20002
22202
22222

00000
00220
01111
22222

00010
00212
22222

10200
22200
22202
22222

10200
20222
22222

00200
00220
00222
22222

Wordle Number: 299
00001
11100
22202
22222

00000
00010
02100
22222

00000
00102
02022
22222

00002
00002
00002
22222

00010
00102
02222
22222

10110
12110
22222

00000
20210
22200
22222

00100
00011
01200
22222

00110
01102
22222

00000
00120
22222

00002
00002
22222

Wordle Number: 300
10000
00222
02222
22222

20202
00101
22222

10000
20202
22202
22222

00202
22202
22222

20202
22222

02022
02022
22222

20202
10010
22202
22202
22222

20202
10000
22222

20202
20202
20202
22222

00200
00222
22222

10000
01201
02202
22222

20202
22202
22222

00210
20220
22222

00210
21200
20200
22222

Wordle Number: 301
10012
22202
22202
22222

01000
00200
22202
22222

00001
00020
00020
22222

00001
00000
22202
22222

00000
02001
22202
22222

00000
22000
22200
22222

00000
20000
22200
22200
22202
22222

00000
22001
22222

00000
00212
22002
22222

00001
22000
22222

10001
22200
22220
22222

00000
10001
01011
22200
22222

00012
20202
22222

20202
02220
22222

00001
00011
00002
22222

Wordle Number: 302
22000
22001
22202
22222

00100
00022
20222
22222

00100
01102
20222
22222

01100
11010
20222
22222

00102
01002
20022
20222
22222

00102
11002
22022
22222

01102
01222
22222

00002
00002
00022
11222
22222

00102
10110
22222

00122
01022
22222

10002
00102
01112
22222

20000
20002
20002
20022
20222
22222

00102
21002
20022
22022
22222

11010
00122
11222
22222

00002
20222
22222

Wordle Number: 303
00102
00110
11222
22222

21010
22200
01002
22222

10200
01200
22222

00210
21221
22222

00210
10210
22222

10200
00210
01200
22222

11100
01221
22222

00100
00222
02222
22222

00210
00222
22222

11020
00222
02222
22222

10000
01200
22200
22222

00210
10200
01200
22222

00200
01220
02222
22222

10200
01200
22222

00200
01100
21221
22222

Wordle Number: 304
00210
02000
22222

00100
02021
12020
02220
22222

00020
01020
02022
02022
02022
22222

00001
01100
10110
12020
22222

00002
20102
22222

00100
02020
02022
02022
02022
22222

00011
01000
22101
22222

00011
02021
22222

00020
00022
02022
02022
02022
22222

Wordle Number: 305
00100
01001
21101
22101
22222

10110
22210
22222

00110
01100
22210
22222

00100
12010
22222

11100
02011
22222

11100
01110
10111
22222

00101
11100
02210
22222

10100
01110
22010
22222

01110
10111
22222

11100
11110
22222

22000
22210
22222

Wordle Number: 306
10110
11100
22200
22222

00002
11200
22222

00010
00202
00222
22222

00111
01010
11200
22222

01010
00102
20112
22222

01000
00102
22222

01000
00100
10010
01111
22222

01210
01102
22222

00002
00102
22222

11010
00222
00222
22222

01002
20112
22222

01002
11010
11010
22222

01000
00100
01001
22222

11200
20110
11100
22222

Wordle Number: 307
01210
10202
00202
00222
22222

01200
10010
22222

01200
00222
22222

02200
02200
02200
22222

00202
00222
22222

10002
00202
00222
22222

01210
10210
22222

01020
10020
22222

01200
22222

22201
22220
22222

22220
22220
22222

00202
10222
22222

10010
02022
22222

Wordle Number: 308
10000
22222

00002
02102
22222

01000
00112
22222

00002
02102
22012
22222

01110
01210
22222

00202
02202
22222

11012
22222

00010
11110
22222

01000
01010
02102
22012
22222

01122
02122
22222

00202
00202
00202
02222
22222

00100
00102
01012
22222

01002
10022
22222

Wordle Number: 309
11110
02122
22222

01021
22222

10002
11002
01102
22222

01021
22222

10011
10211
00222
22222

01112
22002
22222

01002
01012
22222

00201
01200
00220
10220
22222

01011
01111
11011
22222

01010
01101
22222

01021
01111
22222

01110
22202
22222

Wordle Number: 310
00120
22222

10101
01120
22222

01011
22020
22020
22222

10101
01112
22222

10101
22220
22222

01101
10111
22222

10101
22220
22222

00101
01020
20020
20021
20021
22222

00110
11010
01120
22020
22222

01020
22020
22020
22222

10020
11011
22222

00011
10022
01111
22222

00011
10100
01101
22020
22222

20020
11001
22222

Wordle Number: 311
10101
22020
22001
22222

01122
22222

00021
01122
22222

11001
02222
22222

11100
11101
11011
22222

00022
00122
10222
22222

00022
01122
22222

11001
01122
22222

11010
10222
22222

02022
22222

00210
11000
22222

20021
22001
22222

00122
22222

11001
11201
22222

Wordle Number: 312
11012
22222

22000
22200
22200
22222

01010
20200
22200
22222

20000
20200
22222

01010
22210
22222

20000
21202
22222

00002
01002
22222

00000
00101
21220
22222

01000
00222
22222

22200
22210
22222

Wordle Number: 313
20000
22010
22222

00101
10010
10021
22222

00000
11001
02222
22222

10011
00002
22222

00011
10001
02222
22222

00011
10021
02220
22222

10010
02011
22222

02011
22222

11001
02222
02222
22222

11001
22000
22222

11001
02222
22222

12001
02220
22222

00011
02202
02222
22222

Wordle Number: 315
11100
02222
22222

00010
12000
02200
22222

10100
02001
02200
22200
22222

00110
11000
00211
22222

00110
12000
02001
22222

01010
12010
22222

00000
02100
12100
22101
22222

00110
02202
22222

00110
02210
22222

00000
00110
22010
22222

02000
12000
02200
02200
22222

02100
01000
22222

10100
01000
22200
00100
22222

Wordle Number: 316
02200
02200
02201
22222

00010
02200
02200
02210
22222

02200
22222

02200
22200
22200
22202
22222

12000
02000
22200
22200
22222

12020
02121
22222

00000
01000
00001
02200
22222

00000
01100
10010
22222

00110
20001
22200
22222

01000
00102
22222

02000
12100
02110
22220
22222

12000
00001
02000
12200
22222

12000
02200
22220
22222

00000
02001
12000
22222

11011
22220
22222

Wordle Number: 317
00010
12000
02200
22220
22222

11011
22222

20001
01202
22222

22020
22222

11011
22220
22222

22220
22222

22220
22222

11011
22220
22222

22220
22222

11000
20221
22222

00111
22020
22222

22102
22222

20001
00201
22220
22220
22222

02200
00000
01000
22200
22222

22020
22220
22220
22222

Wordle Number: 318
22000
22000
22100
22222

10200
01001
22222

01010
01111
22222

00002
10002
00102
12002
22222

00100
02222
02222
22222

10100
00011
02022
22222

02010
02200
02222
02222
22222

10100
02100
02222
22222

00120
02220
02222
22222

02000
01002
21000
22222

01010
01120
22222

10200
00111
22222

02000
02200
02222
02222
22222

01010
00100
01002
22222

10100
01002
02222
02222
22222

20100
22102
22222

Wordle Number: 319
10200
11100
22222

01210
01100
22222

01100
22200
22222

10201
02200
02200
00000
11001
22222

00010
01011
22222

10201
02222
22222

01200
00211
22222

01001
02010
22222

00200
02100
22222

01210
22200
22222

22010
22200
22222

10201
22200
22222

00011
00001
01110
22222

Wordle Number: 320
11110
02222
22222

00011
11011
22222

10020
02022
22222

01010
12001
22220
22222

12000
02101
22022
22222

12000
02101
22022
22222

00020
01100
22222

00001
01000
12020
22222

01011
01111
22222

01102
20022
22022
22020
22022
22222

22101
22022
22222

00001
22220
22222

Wordle Number: 321
22001
22201
22220
22222

10200
22200
22222

00102
12002
22222

00102
02102
22222

00102
11002
02022
22222

00102
02022
22222

02010
00000
22222

00100
10002
02002
22222

00110
20101
22011
22222

20101
22222

20000
22010
22222

02010
00102
22222

00102
02222
02222
22222

02000
02011
12002
02202
22222

Wordle Number: 322
00002
00002
20102
22222

11000
20122
22222

00022
00022
00122
22222

00210
20011
22222

10002
00000
02102
22222

11000
20122
22222

00022
00022
00122
22222

20122
22222

11010
22110
22222

22011
22222

11000
20122
22222

20020
20101
22011
22222

00120
00001
12020
22222

00022
22000
22222

Wordle Number: 323
11000
00022
20122
22222

10000
11000
02212
22222

00101
11202
22222

00110
00000
02102
22222

20000
20020
20020
22222

02002
02202
02212
22222

00100
02200
02212
22202
22222

20120
22202
22222

00010
20101
22202
22222

00100
11202
02222
22222

12002
02202
02202
02212
22222

20022
22222

00010
00200
00010
22222

00000
02002
22002
22002
22222

Wordle Number: 324
00002
20100
22000
22002
22222

00010
11011
22222

00010
20202
20222
22222

20010
00020
22222

00010
22002
22202
22222

01010
10001
22222

20010
21102
22222

02202
22222

01010
20120
20222
22222

22100
22222

01111
22222

22002
22222

20002
22002
22222

Wordle Number: 325
00111
22200
22222

10121
20010
22222

00010
10101
00220
02222
22222

00101
11000
22222

11000
00122
22222

00010
10100
01011
22222

00001
10101
22020
22222

01001
10010
00121
22222

00001
01000
02010
22222

00001
10000
02100
02210
22222

00001
02010
12002
02222
22222

10101
20100
22222

00101
11110
22222

00100
00011
01220
22222

Wordle Number: 326
10100
22000
22022
22222

00112
22110
22222

11110
12110
22222

02010
11000
22222

01110
00112
12002
22222

10100
12002
12202
22222

01122
22222

01112
01122
22222

10100
00122
02022
22222

00102
12002
12202
22222

01022
02202
22222

10010
12110
22222

10100
10111
11210
22222

00111
11100
10000
22222

Wordle Number: 327
10100
01002
20112
22222

11111
22222

00010
20000
20210
22200
22200
22222

20000
20000
20200
22222

00010
02001
22210
22222

20000
20001
22200
22222

02020
02220
22200
22222

20100
00020
22222

20000
10110
22222

00001
20020
22022
22222

20022
22022
22222

00210
20220
20220
22222

20000
20020
22022
22222

00010
22000
22200
22200
22222

Wordle Number: 328
20000
00110
22022
22222

00001
11100
02112
02122
22222

20000
02202
22222

11000
01010
22222

00102
12002
02202
22222

00021
00121
02112
22222

00021
20020
20011
22222

10001
00002
22222

11010
00121
22001
22222

00020
12011
22222

11000
02011
02021
22222

11010
00121
22222

00020
20020
22002
22222

10000
00000
12011
22222

Wordle Number: 329
00001
20101
22222

10100
10010
01111
22222

01111
00100
22222

01100
00121
22222

21210
22222

01101
01121
22222

00101
20012
22222

00001
10120
22222

01122
02222
22222

12100
22022
22222

01111
02222
22222

00101
11011
22222

20001
22110
22222

00120
20001
22222

Wordle Number: 330
01000
02100
12000
22110
22222

00200
00200
00200
02222
22222

00001
00011
22222

01110
11000
22222

00021
02222
22222

00000
00121
22222

00000
00101
02112
22222

00121
02222
02222
22222

00000
01101
12012
22222

11000
00110
00121
02222
22222

02222
22222

10001
01101
11001
02222
22222

01001
00001
02010
01021
22222

Wordle Number: 331
00110
00001
22222

00000
00012
10002
02202
22222

00000
01001
12102
22222

12000
20110
22222

00000
01022
00022
12022
22222

12022
22222

00002
00012
01002
00202
22222

00100
01000
00000
02102
22222

02200
22200
02020
22222

00012
01002
00122
22222

00000
00010
02110
02112
22222

00210
00000
22200
22222

00000
00000
10012
22222

00002
00002
12110
22222

Wordle Number: 332
01102
22010
22222

00001
00101
11000
22222

20011
20222
22222

00000
00201
20221
22222

20001
22101
22222

00001
00220
22222

02000
22000
22111
22222

00100
20000
01100
22111
22222

20100
22000
22210
22222

00001
00100
01110
22111
22222

20000
01010
10000
22222

02000
02000
22100
22222

21010
10000
22222

Wordle Number: 333
00001
02011
22222

00010
11201
22222

11010
22210
22222

20010
22120
22222

11010
20210
22200
22222

20210
20202
22222

20000
20100
22210
22222

10210
20100
22222

01101
11200
22222

20002
01000
22222

20000
20010
22222

Wordle Number: 334
00001
00010
02110
22111
22222

10200
02220
02220
22222

10200
02000
02220
22222

00220
10220
02220
02220
22222

20010
20212
22202
22202
22222

10200
00220
02220
22222

10210
02220
02222
22222

02200
00102
02222
22222

01100
02000
02200
02202
22222

00202
02202
02212
22202
22222

00020
02220
02220
02222
22222

10210
10202
02202
00000
22202
22222

10010
02000
00000
02212
22202
22222

Wordle Number: 335
00200
12200
02200
00200
22222

00111
00000
12022
22222

00101
01111
22222

10100
00112
02022
02022
02122
22222

00000
12011
02122
00110
22222

02120
02022
02222
22222

02120
12020
12022
22222

10100
01111
22222

00111
02022
02022
22222

00112
00000
00000
02022
02122
22222

01110
12100
22222

00111
11010
11100
02022
22222

11100
11100
21110
22220
22222

Wordle Number: 336
10001
02220
02222
22222

01110
22110
22222

20110
21001
22222

10110
20110
20021
21220
22222

10110
21021
22222

20110
22110
22222

11201
21220
22222

22100
22222

01020
21220
22222

21000
11000
22222

10101
10110
22110
22222

00101
21000
00010
22222

20021
20220
21220
22222

Wordle Number: 337
20110
22102
22222

00001
00100
10100
02022
22222

00010
01000
10112
22222

00000
00101
02020
22222

00001
22222

02000
12020
02121
22222

00101
01111
02222
22222

00001
01000
10021
02021
22222

22001
22020
22222

01101
22222

00100
00100
02010
22222

00200
02220
22222

Wordle Number: 338
00111
00012
22222

00002
01102
22222

10110
20111
22222

00002
01112
22222

00000
01102
22222

02200
02220
22222

00002
01102
22222

00000
02100
02222
22222

000
0

10001
20111
22222

01002
02012
22222

00002
00202
02222
02222
22222

01100
21000
20002
22222

01100
01001
20010
22222

20002
20202
22222

00110
02011
02222
22222

01002
01012
22222

Wordle Number: 339
00002
00222
22222

00100
11200
01211
22222

21000
20021
22222

00100
21000
22222

00100
22020
22222

00110
00110
11100
20021
22120
22222

00010
00100
12100
22222

21000
21020
22222

00110
10011
22222

00100
21010
22222

10000
00100
02100
22222

00010
00000
02100
11000
01112
22222

10100
02110
02111
22222

11000
10100
01110
22222

Wordle Number: 340
11100
10120
22222

02200
12200
22222

00000
10110
02222
22222

02000
02000
02200
22200
22222

01022
02222
22222

02000
02100
22222

11100
02022
02222
22222

02000
12200
22222

11000
02222
22222

00000
11100
02222
02222
22222

12200
02222
02222
22222

00000
10100
02222
22222

12000
02222
02222
02222
22222

00000
01022
02222
02222
22222

00110
02222
02222
02222
22222

Wordle Number: 341
00000
12200
02222
22222

10102
20012
22222

00112
01102
01022
22222

11022
22222

10112
01112
22222

00112
22222

00112
10102
22222

11101
11211
22222

11021
22222

11001
01112
22222

10110
01101
01220
22222

00211
22222

00011
11021
22222

Wordle Number: 342
11101
11110
22222

00000
00211
22222

01000
00220
02220
22222

10201
01210
22222

21210
22222

10201
21210
22222

01220
00221
22222

01200
21210
22222

00101
21210
22222

00201
21200
20220
22222

21210
22222

01220
22222

01220
00221
22222

00011
01210
10220
02220
22222

11000
21210
22222

Wordle Number: 343
02001
22000
22000
22222

01001
12200
22222

12000
02202
22222

10002
12202
22222

00012
22012
22222

22200
22201
22222

20002
20012
22222

22001
22201
22222

10002
00012
02212
22222

00002
12002
12022
22222

01010
12000
12001
22222

10002
01012
10102
22222

Wordle Number: 344
00101
12200
22222

00100
02020
02020
22222

00100
02001
02200
22222

01000
01100
00110
22222

00110
21110
22222

01100
11100
22001
22222

21000
20110
22222

00010
02000
22001
22222

00100
22020
22020
22222

00100
02000
02001
02200
22222

00100
02000
02220
22222

01100
01001
21000
22222

Wordle Number: 345
02000
02001
02200
22222

01101
10102
22222

00010
01001
11110
21201
22222

02120
22020
22222

20201
22200
22222

01000
01011
11120
22222

02120
22222

00100
01000
01211
22222

02100
22000
22222

11100
22100
22222

00100
01000
22100
22222

02100
22000
22222

Wordle Number: 346
11020
22222

02000
02110
02011
22222

01100
02010
02100
22222

00100
02010
12200
22222

00110
10220
22222

00102
01012
22022
22222

11100
11110
22022
22222

11110
22022
22222

00110
12000
12200
22222

11100
01110
02022
22222

21000
20100
22022
22222

11110
22121
22222

22002
22222

Wordle Number: 347
10100
01110
22121
22222

00111
11110
22222

00101
22220
22222

00101
01101
02220
02222
22222

01010
22000
22222

20221
22222

02222
22222

10100
02222
22222

11010
02220
22220
22222

02220
02222
22222

00221
02220
02220
22220
22222

10000
20100
21100
20221
22220
22222

10100
02220
02222
22222

Wordle Number: 348
11110
22220
22222

20000
00202
20202
22222

01010
20200
22222

01010
20200
22220
22222

20200
22220
22222

22000
22200
22200
22220
22220
22222

00200
20200
20200
22222

00220
20222
22222

20000
20200
22200
22222

11101
22220
22222

20200
22200
22220
22222

01010
20200
20200
20200
21200
22222

11010
22200
22220
22222

Wordle Number: 349
20000
21002
20222
22222

02200
12202
22222

11002
22222

00220
02222
22222

11010
22222

10202
22222

00220
22222

00220
22222

10022
02022
22222

10202
02222
22222

20202
22222

00001
20220
22222

21000
12110
22222

Wordle Number: 350
01220
22002
22222

01010
02001
12000
02222
22222

01000
02201
12200
22222

01210
02222
22222

00001
02200
02222
22222

11001
12200
22201
22222

11001
12200
22222

20201
11000
22222

02000
12200
02220
02220
22222

01210
12200
02201
22222

01120
10010
00222
02222
22222

11000
00102
02222
22222

Wordle Number: 351
20011
11000
22222

01001
11100
02102
22222

01001
12000
02110
22222

00001
20001
22222

01001
02022
22222

01001
10001
01111
22222

10101
01010
22222

00011
00000
10001
22222

10001
00010
22222

01000
00001
11100
02102
22222

10001
02102
20102
22222

Wordle Number: 352
12000
20000
00110
22222

00200
00201
20200
22222

01000
22200
22222

22000
11000
22222

01000
02200
02200
22200
22222

00100
00200
20201
22222

00210
02200
22200
22222

01000
02200
02200
02220
22222

00010
02001
22200
22222

02200
02200
22200
00010
22222

20000
02200
22222

Wordle Number: 353
02200
02220
22222

01000
10200
01210
02222
22222

00200
01210
02222
22222

00200
00200
00200
22222

00000
01200
02220
22222

00000
01012
22222

00100
00200
22200
22222

00200
22200
22222

00010
02000
22220
22222

01000
10200
21210
22222

01000
12000
02202
22222

00000
00000
21010
22222

01000
02000
22200
22200
22222

Wordle Number: 354
00101
21110
22222

01002
02000
22222

22100
22220
22222

10002
01102
01202
22222

01210
10202
22222

01210
22200
22220
22222

10202
02202
02202
22222

00200
00220
22220
22222

02220
22220
22220
22222

01101
01212
22222

02000
02210
22220
22220
22222

Wordle Number: 355
01010
22220
22220
22222

00001
01000
02222
22222

10001
11200
02222
22222

11020
21120
22222

01010
00101
02222
22222

01011
12200
02222
02222
22222

01010
11000
12111
22222

00010
00000
02000
21100
22222

01000
00101
02102
02222
22222

10200
02222
02222
22222

20002
22222

11002
02222
22222

11101
22222

00001
11101
22222

Wordle Number: 356
01010
12111
22222

00011
00002
10122
21022
22222

10021
01122
22222

01001
00201
00220
22222

00001
10100
00121
00121
10120
22222

00001
01121
22222

20101
10002
21110
22222

20000
21000
22010
22010
22222

00001
00110
21022
22222

20001
10010
22222

Wordle Number: 357
20001
20200
20200
22222

10010
00200
00222
22222

10002
00222
02222
22222

10002
00222
22222

02020
02022
02222
22222

02022
02222
22222

00000
02020
02222
22222

00200
10202
00222
00222
02222
22222

20001
00002
02200
22222

10200
02110
02222
22222

Wordle Number: 358
00011
02022
22222

10202
22222

01102
00200
02222
22222

01200
02220
22222

00110
22222

01102
22222

01200
02222
22222

02200
22222

01110
02222
22222

01000
02210
22222

01102
02222
22222

Wordle Number: 359
10010
01100
11110
22222

00000
00102
22222

01000
02110
22222

12000
22222

12000
02100
02002
22222

00000
01110
02121
22222

00110
12011
22222

02011
02110
02202
22222

02000
02100
22222

00100
02101
12101
22222

02000
02202
22222

Wordle Number: 360
00110
00200
02202
22222

01011
11100
22222

02102
22222

00112
11002
22222

02202
22222

20202
20222
22222

01101
01101
22222

01000
00112
22222

02100
02100
22222

01101
11110
22222

01002
00211
22222

Wordle Number: 361
20201
22222

00000
02100
22210
22222

02010
22220
22220
22222

11000
02200
22222

11000
22210
22222

00100
01100
22210
22222

02100
22220
22222

00110
11000
22100
22222

11000
20002
21002
22222

00000
00111
21110
22222

Wordle Number: 362
01100
02100
12010
22222

01000
01110
01121
22222

11100
21100
20112
22222

01100
11020
22222

11100
01112
22222

00110
11110
22222

00100
20110
22222

01200
00112
22222

Wordle Number: 363
01210
01222
22222

00000
02200
22222

00010
02200
22220
22222

01000
02222
22222

22200
22200
22222

20000
21110
22222

01000
02200
02222
22222

20000
20210
22222

00210
22200
22200
22222

01000
02222
22222

00100
00210
02210
22222

01200
20200
22222

Wordle Number: 364
01010
22200
22220
22220
22222

01100
10100
01020
00120
20022
22222

00100
11000
02010
02200
02211
22222

10100
00120
01220
22222

00100
10100
02210
02202
02202
22222

02000
20100
22222

00100
02010
22000
22002
22222

10000
00120
20110
22222

00110
21000
20020
00000
22222

Wordle Number: 365
22000
02000
22010
22222

10120
22222

10011
22222

10011
22222

12010
12100
22222

02111
22222

10111
22021
22222

02121
02222
22222

12010
22222

12022
22222

02011
22222

Wordle Number: 366
12010
12010
22222

01000
10112
22222

00002
00010
01102
22222

00002
01002
00110
22222

00022
00022
22022
22222

00112
01112
12012
22222

11000
00100
22222

10000
00022
00222
22222

10100
02110
22222

00000
00000
22222

01010
10110
22100
22222

Wordle Number: 367
00010
10112
22222

10202
20222
22222

01102
02222
22222

02100
22222

01110
22222

00200
02220
22222

01102
22222

01210
02222
22222

01102
02222
22222

01000
02200
22222

01102
10202
02222
22222

Wordle Number: 368
01100
22222

00100
00010
21000
21020
22222

01100
11000
21001
22222

00110
11002
22222

00100
11000
21022
22222

01100
00000
01012
21020
22222

00110
11000
21020
20022
20022
22222

00100
01110
21000
22222

20020
20020
22222

10002
10100
22222

01100
01110
11100
22222

00010
11100
21110
22222

Wordle Number: 369
11100
21001
22000
22222

00000
02020
02222
22222

01000
21000
22222

10000
22002
22222

22010
22220
22222

00011
11000
02202
22222

00000
00011
22220
22222

00010
11000
22222

00000
02202
02222
22222

10000
02200
02220
22222

22002
22202
22222

22020
22220
22222

Wordle Number: 370
01000
02222
22222

20011
21002
20222
22222

20011
21002
20222
22222

00001
21002
20222
20222
20222
22222

00201
10201
21200
22220
22222

21002
20022
20022
22222

00022
00122
20222
22222

21010
20200
22220
22222

00011
00222
00222
22222

21002
20022
20222
20222
22222

00011
01101
22202
22222

00011
21010
22101
22222

21000
21010
20201
22222

Wordle Number: 371
00012
21002
22202
22222

11000
20200
22200
22202
22222

00200
00200
22202
22222

00201
02202
12202
22222

00201
12202
22222

00001
11001
22220
22222

20110
21011
22222

00200
22202
22222

00200
00201
02220
22222

01010
00002
02202
22222

Wordle Number: 372
00001
02200
12200
02222
22222

10001
01002
22222

11010
12101
22222

11000
00011
00222
22222

00001
11000
11100
22222

00011
11000
02222
02222
22222

11010
01011
22222

20011
22222

10100
11110
22222

00110
02222
22222

20220
22222

20222
22222

Wordle Number: 373
00001
11110
22222

01121
10121
22222

00011
01100
10121
02222
22222

01001
11011
22222

00101
11100
02222
22222

21001
21210
22222

11000
22010
22222

20210
21201
22222

20202
22222

Wordle Number: 374
10220
01000
22222

00200
00210
01201
02202
22222

00000
02000
02202
22202
22222

01000
02202
02202
22202
22222

11000
00201
22200
22200
22222

00100
02200
02202
22222

00210
02200
02202
22222

00020
01021
11020
22222

11000
02200
22200
22222

01000
00210
02200
02200
01000
22222

Wordle Number: 375
11000
01210
02220
22222

10000
00100
02002
12022
22222

00100
02000
12100
22222

02000
00002
22002
22222

00100
10000
02002
02002
02002
22222

00000
00000
00100
22222

00100
10000
02002
02002
02002
22222

00000
02000
22002
22002
22002
22222

Wordle Number: 376
00010
00101
00000
12000
22222

00001
11000
00222
22222

00011
10120
02222
22222

00001
00010
11100
22222

01000
11001
10102
22222

00001
10000
02222
22222

20100
22022
22222

00001
22010
22222

00020
00210
22222

20010
20001
22222

01000
00001
02222
22222

Wordle Number: 377
00210
02200
22222

21111
22111
22211
22222

02020
22220
22222

00000
21111
22222

01001
21111
22222

00001
00110
01220
22222

01000
21111
22222

01100
00112
22222

01000
00101
00100
21111
22222

10011
22220
22222

10002
01222
22222

Wordle Number: 378
01001
02022
22222

01011
11122
22222

10002
01222
22222

00002
01002
11022
22222

00011
21111
22222

11102
22222

00112
21002
22222

11102
21102
22222

01002
00002
00202
22222

01002
00102
11122
22222

11102
22222

Wordle Number: 379
00022
01000
01222
22222

10000
00100
01000
11100
22222

00100
11000
01110
02021
22222

11020
20100
22222

00020
22020
22222

00000
22000
22100
22222

00000
10110
22222

00000
00100
20110
22222

00100
10110
01110
22222

00110
22000
22222

Wordle Number: 380
10100
00000
01110
22222

20011
20122
22222

20020
01000
20122
22222

20011
22111
22222

00000
01001
00110
20120
22222

20102
00000
10020
22222

00011
00122
20022
22022
22222

10010
20120
20122
22022
22222

20100
20010
00000
22111
22222

00000
01100
00121
22222

Wordle Number: 381
01100
20120
22022
22222

00200
00111
22222

00000
22012
22222

00001
10012
22222

00110
00000
22222

00100
02010
02112
22222

22112
22222

00011
01020
22222

00200
00100
10000
02012
22222

00000
01111
22222

00001
01100
10012
22222

Wordle Number: 382
00001
12100
22222

22000
22200
22222

00100
00000
02200
22200
22222

00000
02000
02222
22222

00000
01000
22200
22200
22200
22222

00000
22200
22222

00010
01000
00200
22222

01100
02200
22222

00200
10200
21000
22200
22222

Wordle Number: 383
00000
00000
02200
22200
22222

10222
22222

00200
00200
10222
22222

10002
10212
22222

00200
10200
00201
22222

10222
22222

00202
10202
10222
22222

00000
10222
22222

01010
00000
00212
22202
22222

20000
20010
20202
22222

11200
10222
22222

Wordle Number: 384
11200
00222
22222

00102
10212
22222

00010
10212
22222

00102
02002
22222

00100
02020
22222

10100
00010
22222

02010
02100
02002
22222

02000
02010
22222

00202
00202
22222

02002
12002
22222

02000
02000
02202
22222

Wordle Number: 385
02000
02110
02012
22222

22001
22200
22222

00111
22220
22220
22222

22100
22220
22220
22220
22222

22100
22220
22222

22101
22220
22220
22222

21011
22220
22220
22222

10220
00222
10222
22222

10001
22101
22220
22220
22222

00011
22101
22220
22220
22222

00111
22100
22222

Wordle Number: 386
10020
00100
22220
22222

01010
00222
22222

00011
22002
22222

01001
12100
22200
22222

01001
11011
22201
22222

01210
22200
22201
22222

10001
02202
22222

10001
00222
22222

01011
10111
22222

20202
22222

01000
01011
12102
22222

Wordle Number: 387
02010
02001
00001
01111
22222

02000
00000
02111
22002
22222

00000
10000
20200
20220
22222

02000
02001
22222

10000
02000
22000
22101
22222

00110
22000
22000
22000
22222

00100
00000
22001
22222

00100
10000
02200
22222

00000
00100
02000
02200
22222

00100
02020
22002
22222

20000
22000
22001
22222

Wordle Number: 388
00100
00110
22222

01011
11111
22222

00002
12110
22222

00000
00100
11110
22011
22222

00002
00112
22222

12000
02222
02222
22222

00012
00112
22222

01110
22222

10102
02222
22222

00001
10010
22222

00002
00010
22222

Wordle Number: 389
00002
00112
02100
22222

00200
02200
22220
22222

00000
10100
22222

02201
02220
22220
22222

00200
00222
22222

00201
20222
22222

00000
21110
22222

02220
22222

00222
20222
22222

11000
21100
22200
22222

02220
02220
22222

Wordle Number: 390
02220
02220
22222

01100
01100
22222

00011
11000
01120
22022
22222

00102
20222
22222

00011
02022
02022
22222

10000
01100
02222
22222

00000
00101
02110
12011
02122
22222

00120
01000
01122
22222

10001
22220
22222

00001
22022
22222

02122
22022
22222

Wordle Number: 391
10000
01100
01011
22222

00002
00002
00102
22222

00000
00000
00001
00222
22222

00000
00022
02222
22222

00002
00002
20002
22022
22222

00010
00000
22020
22222

00000
20100
22220
22222

00000
02010
02000
22011
22222

00100
02100
02002
00022
02222
22222

Wordle Number: 392
00002
00002
20022
22222

00001
10002
22000
22222

00200
01200
00210
01211
12210
22222

01000
00212
22222

00000
01202
22222

00210
22002
22222

22000
22100
22222

00200
00210
01200
00201
22222

22000
22000
22002
22222

22000
22202
22222

22000
22002
22002
22222

Wordle Number: 393
22000
22002
22222

01000
22000
22222

10100
10001
02200
22222

10000
00100
02010
12002
22222

00100
00010
02022
22222

00100
02200
02220
22222

00100
00000
02220
22222

02000
02100
22222

02002
02002
02222
22222

02000
10002
22222

Wordle Number: 394
00000
02102
22222

00200
00200
10200
22222

02200
22200
22200
22222

00200
00201
02200
02222
22222

01000
22000
22200
22222

00000
01100
02222
22222

00100
10200
22222

00200
10210
02222
22222

01010
02222
22222

01000
20200
22222

Wordle Number: 395
00222
02222
22222

00011
01110
11102
22222

00110
11010
11011
22222

00010
11000
22222

00110
01101
22222

00101
11200
00002
22222

00020
01022
10122
22222

00120
11102
22222

01000
01012
22222

10100
02021
22222

20000
20000
22222

Wordle Number: 396
10100
00122
22222

00011
02000
22202
22202
22202
22222

00010
00202
22202
22202
22222

00000
02010
02200
02222
22222

10001
22200
22202
22202
22202
22222

01011
22202
22202
22222

00001
01110
21011
22202
22202
22222

00002
00202
22202
22222

22000
22020
22222

00002
02202
02202
02202
22202
22222

Wordle Number: 397
02100
02101
00200
22222

00001
10012
01122
22022
22222

00100
11000
00102
20002
22222

00100
11100
22222

01000
00000
20120
22222

00100
10122
11022
22222

10000
01010
11100
22222

00100
11000
21102
22222

10100
01120
22220
22222

Wordle Number: 398
20000
20100
20020
22222

02000
22000
22000
22222

10002
00022
02022
22222

10022
22022
22222

11010
22022
22222

11010
22022
22222

00111
22200
22022
22222

10022
22022
22222

00122
22022
22022
22222

00122
22022
22222

10010
02011
22222

Wordle Number: 399
02022
02022
22022
22022
22222

00002
02002
02022
22222

01000
00010
22011
22222

00002
00002
00222
22222

01000
00002
22222

00002
00112
22002
22222

00100
22000
22011
22222

00010
00000
00222
22222

20002
20002
22022
22222

00000
02022
22222

00010
02020
02022
02222
22222

00000
00102
22222

Wordle Number: 400
00000
00102
22222

00111
02022
22222

01100
00111
22120
22222

00111
02022
22022
22222

00020
01100
22022
22222

12000
12100
22222

22100
22022
22222

02001
02022
22222

21101
22222

12000
20101
22222

00100
02020
22222

Wordle Number: 401
22100
11010
22222

00000
01000
02202
22222

01000
02200
02200
02222
22222

01002
12002
22222

00110
00200
02202
02202
22222

00000
12001
02220
22222

01010
11010
02202
02202
22222

01002
10202
00222
22222

10110
01010
22222

11110
22222

10000
02222
02222
22222

00202
02202
22222

Wordle Number: 402
00200
00202
02202
02202
22222

00000
20000
21020
22222

00000
21100
22222

00000
00222
00222
22222

02222
02222
22222

00000
00020
02022
02222
22222

00000
20010
22222

00000
00120
02222
22222

00202
02202
22222

00000
02000
02222
02222
22222

Wordle Number: 403
00000
00200
02222
22222

01100
00101
12000
02220
02220
22222

01100
12000
02222
22222

02001
12000
22001
22210
22222

12000
02220
02220
02220
02222
22222

00001
00100
12000
22222

00000
00000
02110
22222

02001
22200
22222

00101
12000
02200
02200
22222

Wordle Number: 404
22000
22210
22222

10000
00210
22222

01011
22200
22202
22222

01011
22200
22200
22222

11001
22210
22202
22222

22000
22000
22210
22222

20001
00200
22222

01010
00211
20202
22222

22000
22022
22222

Wordle Number: 405
00201
22200
22222

11200
00211
22222

00121
10022
22222

01000
10001
00111
01220
22222

11001
01112
22222

00012
10022
22222

11001
00112
22222

00111
11110
22222

10002
01112
20222
22222

11000
01012
11011
22222

10022
22222

Wordle Number: 406
00012
00112
20222
22222

00000
00000
22000
22222

00000
02200
22200
22200
22222

00000
00010
00000
01100
22222

02000
02200
22222

00100
00000
02201
22200
22222

00200
02200
22200
22222

22200
22222

00000
02200
22222

01010
21000
22222

20000
22000
22000
22222

Wordle Number: 407
00000
10010
02022
22222

20200
20222
22222

10200
02200
22222

02000
02000
22020
22000
22222

10200
00200
02200
22200
22200
22222

00210
11110
22222

22200
22200
22222

12200
02210
22222

00210
22210
22222

10000
00211
02220
22222

Wordle Number: 408
01000
22000
22200
22222

01012
10202
22222

10202
00222
22222

01102
01012
22222

10202
01202
22222

01220
00222
22222

22000
22200
22222

01002
00202
22222

01202
00222
22222

00100
10002
01102
22222

01220
00222
00222
22222

Wordle Number: 409
01020
11100
22222

02000
02010
22002
22002
22022
22222

02000
00002
02022
22222

00000
01100
12000
02022
22222

00100
02000
02002
02022
02022
22222

02002
02102
22002
22002
22022
22222

22000
22022
22222

Wordle Number: 410
20100
21021
20002
22222

11200
02222
02222
22222

01100
02001
02020
22222

01000
02022
22222

00001
00101
22222

02001
02022
22222

02001
02222
22222

01100
12001
22222

12200
12202
02222
22222

02200
02202
02222
22222

Wordle Number: 411
00111
02220
02222
22222

01000
10110
02012
02102
22202
22222

01002
02012
22222

00002
02022
22222

20000
20010
21000
22222

00012
01022
22222

00010
01001
22222

21000
20011
22222

20010
20100
22222

00000
00002
01022
22222

Wordle Number: 412
00100
20001
11001
22222

00000
00002
22002
22222

10000
00210
22222

00000
00000
02002
02002
22222

02000
22002
22222

00000
00000
02002
22222

00000
12000
22100
22222

10100
02002
22222

00100
00200
02222
22222

00100
02222
22222

Wordle Number: 413
00000
00000
00100
22002
22222

00001
20220
22222

00201
02220
02220
02220
22222

00100
11020
22222

01120
00010
22222

00110
01210
22222

02101
02112
22222

00001
01110
02110
22222

01120
02220
22222

11120
22211
22222

20120
01100
22222

Wordle Number: 414
20000
20201
20221
22222

21010
00102
22222

20111
20222
22222

10010
20111
20222
20222
00011
22222

10110
20222
22222

20222
20222
22222

10011
01110
22222

20011
20221
22222

01220
00222
00222
20222
22222

11110
20111
20222
20222
22222

01001
21000
20221
22222

Wordle Number: 415
10000
20111
20222
22222

00012
00102
22222

00102
01102
22222

00002
00010
11002
22222

00110
01110
22120
22022
22222

00002
01002
00112
22120
22222

00112
12002
22022
22222

01020
11120
22120
22222

00002
11002
22222

01100
12100
22110
22222

00100
01012
22022
22222

Wordle Number: 416
20011
20002
01002
22222

00010
00000
22022
22222

01100
10001
22200
22222

02200
02200
02200
22222

00000
12000
02200
22222

01100
20210
22220
22222

00120
00002
22222

01100
10001
12002
02222
02222
22222

00101
12020
02022
02222
02222
22222

12002
20002
22222

00101
22001
22222

Wordle Number: 417
00100
02020
02020
22222

00000
01200
00222
02222
22222

00000
20200
22222

00100
20020
22222

00000
02220
22220
22222

02010
22010
22222

01100
02222
02222
02222
22222

00100
02011
02222
22222

00000
00020
00220
02222
22222

22200
22200
22222

Wordle Number: 418
00220
22222

10000
00100
00220
22220
22222

00100
00010
11111
22222

22001
22220
22222

10010
02101
02222
22222

01110
00010
22222

00100
02220
02222
22222

00001
22220
22222

00101
02222
22222

01010
11111
21121
22222

00000
00000
02202
02222
22222

Wordle Number: 419
00220
02222
22222

00100
11001
22020
22222

11000
11100
22222

00001
01110
21100
22222

00100
00112
22222

00112
10022
22222

00001
20000
12120
22222

11100
11120
22222

02120
12022
22222

00001
01110
02211
22222

00011
10200
02220
22222

Wordle Number: 420
00100
02120
22020
22222

00000
01000
20002
22002
22222

00000
02022
02222
22222

01001
22022
22222

00010
02001
02012
22222

00000
00012
00222
22222

00200
02200
22222

20100
20202
22222

00100
02002
02022
02022
22222

00001
00110
02202
02222
22222

00000
00222
22222

10200
02200
02200
02200
22222

Wordle Number: 421
22000
00001
00202
22222

00210
10000
01020
22222

10000
00200
00201
00220
22222

10000
00201
02101
22222

00000
02100
02100
22222

01000
00122
02222
22222

00010
00201
22222

00200
02210
22222

00011
01020
01100
22222

Wordle Number: 422
01000
00000
10000
22222

20000
21010
22220
22222

00011
00111
22222

12000
02022
02022
22222

02101
02022
02222
22222

00020
01100
22222

00011
11000
01020
02022
22022
22222

00110
01010
02122
22222

01100
22110
22222

12000
02022
22222

Wordle Number: 423
00100
02001
22220
22222

00120
02000
22222

00100
22020
22222

00011
10102
10022
22222

10000
02222
22222

02100
02001
12000
02020
22222

00011
01102
22222

01100
22000
22222

10000
01110
01102
22222

00101
02100
02201
22222

Wordle Number: 424
02001
02201
12200
22222

20202
22202
22222

21010
20202
22222

00001
00212
10202
22222

00000
20010
21010
22202
22222

00001
10010
22222

01001
11020
22222

01110
22222

00010
00022
22222

Wordle Number: 425
01200
00202
20222
22222

00000
00200
02201
22220
22222

00201
20220
22222

01001
00020
22222

01200
20220
20222
22222

00001
20200
20210
22222

00201
20220
22222

20200
20201
22222

01111
22222

Wordle Number: 426
00110
02001
22222

20001
22010
22220
22222

02000
22000
22222

00200
11210
22222

22000
10100
22222

20000
01000
22220
22222

22010
22220
22222

20010
20220
22222

10110
01011
22222

22000
22000
11000
22222

00111
01111
22222

Wordle Number: 427
10010
20200
21210
22222

00100
10111
22222

00221
02220
02220
00002
02222
22222

10010
20220
22222

10102
22222

10002
00102
01002
02222
22222

01111
11110
22222

10102
02222
22222

01012
22222

02112
22222

22100
22222

Wordle Number: 428
00022
02222
02222
02222
22222

11110
02220
02222
22222

11102
02222
02222
22222

12011
22222

00111
02222
02222
22222

11002
02222
02222
22222

00001
00112
02222
02222
22222

11102
02222
10111
22222

11110
02222
22222

12011
22222

10100
00110
02222
22222

Wordle Number: 429
02222
22222

00012
01000
22222

11100
01221
22222

01011
11111
22222

00002
01102
11002
22222

01000
00010
10002
22222

01021
10121
22222

10002
12122
22222

00201
00201
12210
22222

01102
22222

00002
10011
22222

Wordle Number: 430
00112
20000
22222

00000
00000
00112
22222

00101
02020
02222
22222

00101
02220
22222

02010
12000
02110
02102
22022
22222

02000
02120
22222

02100
12001
00020
22222

02001
02120
22222

00111
22222

02002
22222

00002
22010
22222

Wordle Number: 431
00020
00110
02022
22022
22022
22222

00000
00000
00101
02102
02212
22222

01010
12001
02122
22222

12002
02122
22022
22222

00001
12100
02012
22222

00000
02122
22222

00000
02022
02222
22222

00001
02002
02122
22222

00201
02101
22220
22222

00001
02002
02102
22222

Wordle Number: 432
00010
00012
00112
22222

02200
02200
02200
02210
22222

01000
02200
22200
22222

00200
02200
22222

01000
00222
22222

00010
20210
22222

02222
22222

00222
22222

20200
22200
22222

00100
20210
22222

00200
20202
22222

Wordle Number: 433
00002
00012
02222
22222

00210
00211
22222

01000
00201
02211
22222

11000
01102
11100
22222

00200
02200
02220
22222

00000
02222
22222

00011
02100
22222

02120
11200
22222

00210
02200
02200
22222

01011
01002
22222

Wordle Number: 434
02210
22220
22222

00011
21010
20222
22222

20000
20020
20022
22222

10001
00021
00222
00222
22222

01001
20020
22021
22222

01000
01100
02110
02121
22222

00020
01000
20022
22222

02010
02022
22222

00002
00102
02002
22222

10022
22222

Wordle Number: 435
00101
02022
12022
22222

10010
02202
22202
22222

00102
02002
22202
22222

00100
02002
00012
22222

02000
02010
02012
22202
22222

00102
10002
02202
02202
22222

00202
00202
20202
22222

02010
00000
02110
22222

01010
20202
22202
22222

00100
02022
22222

10102
01012
22222

Wordle Number: 436
01001
20200
22222

00020
20000
22222

00010
22201
22222

00000
22200
22222

22201
22222

00220
22222

02200
02200
22201
22222

01020
00220
00220
22222

20001
20020
22222

10001
01011
22222

Wordle Number: 437
11100
00100
22222

11101
11220
22222

01012
01001
22222

00020
11101
22222

00011
00021
00121
11220
22222

01012
10102
22222

00001
00000
01100
22222

01002
10022
22222

11100
00222
02222
22222

00201
00210
20220
00201
22220
22222

Wordle Number: 438
01011
11101
22222

00010
02000
22202
22222

00012
02212
22202
22222

00011
11110
22202
22202
22222

00210
02202
22202
22202
22202
22222

01010
00211
22222

10000
01110
22202
22222

00002
02202
02202
22222

02212
00000
22222

11200
22202
22202
22222

02200
02202
22222

Wordle Number: 439
02100
22210
22222

00000
00000
22200
22222

00010
11000
02200
12200
22222

00000
00100
02011
22222

02200
02200
02200
22222

20200
20000
20111
22222

22200
22222

02100
02000
02010
22222

00000
00010
22222

Wordle Number: 440
00000
00110
20110
22222

01100
22200
22210
22222

02220
22222

01000
21000
22222

02220
22220
22222

02011
22222

21210
22222

10200
22201
22222

10000
22220
22222

22010
22222

Wordle Number: 441
10000
01111
22222

00010
02000
02002
02002
22222

00200
00002
00102
22222

00000
00100
02020
22222

00000
21000
22020
22222

02000
02000
21002
22222

00200
00200
02220
02222
22222

02200
02222
02222
22222

00100
00000
12002
02222
22222

Wordle Number: 442
00000
02000
02002
22222

00021
01010
10122
22222

11101
01222
22222

01100
00011
11110
22222

01111
11210
22222

10001
11120
22222

00011
01222
22222

00001
01110
11120
22222

00102
00111
22222

11100
11211
22222

Wordle Number: 443
00001
00222
01222
22222

00200
00200
02202
22222

01000
01000
01000
10000
22222

00200
00200
01200
22222

10000
11100
02202
22222

02200
02200
22222

00000
01000
02210
22222

00000
00200
22222

10000
01100
02202
22222

20020
20200
22222

Wordle Number: 444
11000
01201
22222

01110
22222

00100
02022
02222
02222
22222

00002
00022
01122
02222
22222

00102
00012
02222
02222
22222

10000
00022
00222
00222
01222
22222

02002
00020
20200
22222

00012
02002
22222

00200
00200
02200
22222

Wordle Number: 445
20000
22002
22222

00020
00222
22222

00000
02100
02000
02101
02011
22222

02020
02220
22222

10000
01010
01022
22022
22222

00001
22020
22222

02000
22022
22222

00110
01002
12012
22222

00220
02222
22222

Wordle Number: 446
00000
01201
00010
12212
22222

00212
02202
02202
22222

00220
20220
22222

11100
20000
22222

10000
00000
02210
22200
22222

10010
10220
22222

02010
12200
02222
22222

20220
22222

Wordle Number: 447
00020
00220
22220
22222

22000
22002
22222

00001
01000
02210
22222

00001
20010
22222

10010
01001
02210
22202
22222

00011
00000
22222

02200
02200
00001
00020
22222

20000
11000
11100
22222

10002
22002
22222

Wordle Number: 448
22000
22020
22222

11000
01011
22222

02101
22002
22222

02001
22002
22222

00101
00102
22222

00001
01000
01102
12202
22222

02000
22002
20022
22222

02001
00100
02122
22222

Wordle Number: 449
10000
02022
02022
22222

11001
21200
22222

00120
01122
22222

00101
21200
22002
22222

20100
22222

00101
01010
01100
00012
22222

01101
22002
22002
00000
10000
22222

11120
22222

20100
10100
00100
22222

Wordle Number: 450
00000
01020
02020
22222

01200
20202
22222

00202
02202
22222

20202
20202
22222

02000
02000
02010
22222

02002
22002
22222

00100
02010
02100
22222

01100
00000
22222

Wordle Number: 451
02000
02000
02000
02002
02202
22222

20000
20000
00011
22222

10000
00101
10020
22222

00100
10011
11200
22222

00100
20000
20000
22222

00111
11220
22222

02100
12010
12100
22222

10022
00110
22222

10020
11100
22222

00101
11001
00100
11010
22222

Wordle Number: 452
10000
11001
22222

00002
02002
02002
22022
22222

01002
22002
22222

00001
01100
22002
22222

22000
22022
22222

20010
21000
22022
22222

10002
22022
22222

Wordle Number: 453
00011
00001
22222

01112
22222

00000
12200
02202
22222

02002
02002
22222

01100
02210
22222

02002
02201
22222

02010
11000
22222

20010
22100
22012
22222

02200
02201
22222

Wordle Number: 454
02202
22222

22000
22022
22022
22222

01111
22022
22022
22022
22222

02020
01000
22220
22222

22000
10100
22022
22222

10100
11000
02201
22222

01100
20210
22200
22200
22201
22222

01101
11100
12200
02201
22222

Wordle Number: 455
22200
22200
22220
22220
22222

01002
10212
22222

00001
12100
22222

00011
11000
00221
02222
22222

01000
00201
22222

01001
12002
22222

22200
22222

10202
22222

10201
02201
22222

Wordle Number: 456
01002
00202
02002
22222

00001
20210
22202
22222

10200
22222

22000
22002
22222

10000
00010
22222

00011
22222

22200
22200
22222

22000
22022
22222

00001
22000
22222

00010
21000
20222
22222

Wordle Number: 457
22010
22022
22222

10001
00022
20222
22222

22020
22222

00011
12000
22222

00001
01110
22202
22202
22222

22220
22222

Wordle Number: 458
20000
20020
20222
22222

00110
01110
11120
22222

00200
00200
00202
02202
22222

00100
02200
02202
22202
22222

01110
02122
22222

00202
02222
22222

00002
00202
00222
22222

Wordle Number: 459
00202
02202
22202
22222

10120
02220
12220
22222

20100
21010
22222

20100
22100
22222

00001
11110
22222

00100
22100
22120
22222

22110
22222

11101
22222

Wordle Number: 460
22110
22222

21110
12201
22222

20102
22002
22222

00112
20122
22222

00010
22100
22011
22222

02222
22222

02100
02010
02222
22222

21111
22222

22002
22222

Wordle Number: 461
00101
12201
22222

00000
01200
22222

00200
00220
00220
22222

00220
00220
22200
22222

01000
11001
22222

11000
22000
22222

00100
01202
22222

11000
10100
22222

Wordle Number: 462
21201
22222

00002
01012
02222
22222

00002
00222
02222
22222

10201
12200
22222

00111
00001
00000
12202
22222

10110
01212
02222
22222

12110
22222

22111
22222

Wordle Number: 463
12200
02222
22222

00000
00121
01220
22222

01120
10221
22222

00102
01102
22222

00102
01002
22222

01102
00000
21022
22222

10020
02220
22222

Wordle Number: 464
01000
11100
22222

00100
11000
02200
02202
22222

10011
11100
02222
22222

10100
22020
22222

00122
01102
22222

02020
02222
22222

10000
02000
02211
22222

00020
22020
22222

Wordle Number: 465
01001
00002
22222

20000
20100
22222

20100
22020
22222

02010
22000
22002
22222

20002
00100
20000
22222

02010
22002
22002
22222

00010
20000
20000
22222

20000
00102
02000
22222

12001
22020
22222

Wordle Number: 466
20100
22002
22222

01000
10110
01210
10100
22222

10020
00101
01100
11110
22222

10010
10001
10100
01210
22222

01000
10000
00011
11220
22222

11100
11010
01011
11220
22222

01000
00210
11100
11110
22222

10000
01000
00111
22222

00210
10222
22222

Wordle Number: 467
10010
10020
01021
22220
22222

21210
22222

20200
20200
20210
22222

20220
22222

00210
20200
22222

20210
01000
22222

20000
20110
21200
22222

00010
20010
20220
22222

22200
22220
22222

Wordle Number: 468
20200
20200
22222

22020
22020
22222

10020
21220
20222
22222

20010
22200
22222

11010
22210
22222

20100
00010
22220
22222

00010
20000
22220
22222

00100
21220
20222
22222

20000
11210
22222

01010
11202
22222

Wordle Number: 469
01010
11202
22222

00002
00202
01202
00212
20200
22222

00202
01202
00212
22222

00200
00212
01202
22222

00111
11100
11010
22222

00002
01202
12212
22222

00010
01200
22222

00002
21002
22222

01110
00000
01202
22222

00002
01202
22222

Wordle Number: 470
00002
01200
22200
22222

20000
20120
22222

00001
20220
22222

01010
20220
22222

00221
01220
20220
22222

20200
20220
22222

00011
00020
22222

20011
20220
22222

00002
00202
10222
22222

Wordle Number: 471
00002
02211
22222

00000
00000
00210
22220
22222

20000
22222

22010
22200
22222

20001
00020
22022
22222

00000
00220
10221
22222

00010
10211
22222

00011
22020
22222

02000
12200
12202
22222

Wordle Number: 472
22000
22020
22222

22000
22011
22222

10100
02110
02222
02222
22222

02000
02200
02222
22222

00100
02000
02202
02222
22222

20000
20100
22000
22020
22020
22222

02200
02202
22222

12200
02222
02222
22222

00000
02000
02200
02222
22222

Wordle Number: 473
00000
00100
01011
22222

00200
10201
00202
22202
22222

10110
01111
01122
22222

10210
02222
22222

12000
01000
22222

10120
02220
02220
02222
22222

10020
01120
01122
22222

02222
22222

00000
01010
22222

10120
22222

Wordle Number: 474
02201
22220
22222

01011
21200
22222

21200
21220
22222

21200
22222

20101
21010
22222

21200
01001
22222

21200
20201
22222

20001
21000
22222

21000
02222
22222

Wordle Number: 475
02222
22222

00000
00010
11000
02222
02222
22222

00001
20010
22002
22002
22222

00100
22200
22222

00100
02002
02222
22222

02222
02222
02222
22222

02000
00012
02222
22222

00000
00202
00202
22222

Wordle Number: 476
22001
22022
22222

10000
00110
11000
22222

00110
11000
02222
22222

00100
00000
01100
12200
22222

00000
01100
11010
22222

11000
00102
02022
22222

11000
00022
22222

01000
00100
00112
02202
22222

00110
00100
12100
22222

Wordle Number: 477
11000
01202
22222

02000
12002
02222
22222

00000
02000
12001
02222
22222

00000
00101
02100
22222

00001
12000
02022
22222

02000
02002
22002
22002
22222

01100
22001
22222

00000
00102
00100
22222

02000
02200
02002
22222

22000
22022
22222

Wordle Number: 478
00000
20001
22020
22222

01012
20112
20002
22222

00001
20000
20002
20112
22222

01000
00100
02020
22222

00101
01010
10110
22222

00010
00112
22022
22222

01001
01020
00121
22222

